function [Np, U, D, eta, x, T, S] = Constant()
    %% 常量
    Np = 20;
    U = 1000;
    D = 200;
    
    %% 初始化
    % 定义卸载决策矩阵
    eta = [
        [0 0 0 0]
        [0 0 0 0]
        [0 1 0 1]
        [1 0 1 0]
    ];
    % 定义依赖矩阵
    x = [
        [0 1 0 0]
        [0 0 1 0]
        [0 0 0 1]
        [0 0 0 0]
    ];
    % 定义子任务属性
    T = [
        [112 0.85 * 1e7 23]
        [162 2.48 * 1e7 33]
        [589 7.05 * 1e7 116]
        [137 1.13 * 1e7 28]
    ];
    % 定义服务器属性
    S = [
        [4.3 * 1e6 5.2 * 1e6 7.1 * 1e9 0.16 * 1e-6 1.0 * 1e-7]
        [3.9 * 1e6 4.8 * 1e6 2.0 * 1e9 7.18 * 1e-6 1.2 * 1e-7]
        [5.5 * 1e6 6.5 * 1e6 3.6 * 1e9 0.10 * 1e-6 0.3 * 1e-7]
        [6.4 * 1e6 6.4 * 1e6 7.2 * 1e9 0.07 * 1e-6 0.4 * 1e-7]
    ];
end